 

 

 

Mm
Aidt

1

$17062

844

6608

deta

6610

Rah

6600

thi th

6608

thigl#r

6610

Mockt

 

15%

 

AWH
AWH
AWH
APH
APH
AWH
AWH
AWH
APH

$17063
$17071
$17073
$17083
$17093
$17103
$17113
$17123
$18013

6606
6616
6642
6672
6705
6737
6754
6762
6774

6614
6616
6643
6673
6705
6737
6754
6766
6774

6607
6616
6640
6671
6698
6733
6747
6765
6758

6609
6654
6643
6680
6699
6735
6765
6769
6765

6607
6616
6643
6671
6699
6735
6753
6765
6765

16882
22
1324
166
26820
924
234
1300
1226

2210
5G
203
309
6832
1893
574
293
845

